//Leadwerks Material File

blendmode=0
castshadows=1
zsort=0
cullbackfaces=1
depthtest=1
pickmode=1
depthmask=1
diffuse=1.00000000,1.00000000,1.00000000,1.00000000
specular=0.501960814,0.501960814,0.501960814,1.00000000
alwaysuseshader=0
roughness=0.50000000000000000
mappingscale=1.00000000,1.00000000,1.00000000
drawmode=-1

shader="Shaders/Model/Blinn-Phong/diffuse+specular.shader"
texture0="materials/shadertest/textures/defaultmeshface.tex"
texture2="materials/shadertest/textures/gridpattern.tex"
